[all.mu]
a = 0.2298340850347229
b = 0.09374127925400509
c = -0.1172857762140288

[all.sigma]
a = 0.007495398831290877
b = 0.03150858537985995
c = -0.019712781584273857